1.475000023841857910e+00 -1.245000004768371582e+00
1.475000023841857910e+00 -1.245000004768371582e+00
1.470000028610229492e+00 -1.245000004768371582e+00
1.470000028610229492e+00 -1.245000004768371582e+00
1.470000028610229492e+00 -1.245000004768371582e+00
1.475000023841857910e+00 -1.245000004768371582e+00
1.470000028610229492e+00 -1.245000004768371582e+00
1.470000028610229492e+00 -1.245000004768371582e+00
1.470000028610229492e+00 -1.245000004768371582e+00
1.475000023841857910e+00 -1.245000004768371582e+00
1.470000028610229492e+00 -1.245000004768371582e+00
1.470000028610229492e+00 -1.245000004768371582e+00
1.470000028610229492e+00 -1.245000004768371582e+00
1.475000023841857910e+00 -1.245000004768371582e+00
1.475000023841857910e+00 -1.245000004768371582e+00
1.475000023841857910e+00 -1.245000004768371582e+00
1.475000023841857910e+00 -1.245000004768371582e+00
1.475000023841857910e+00 -1.245000004768371582e+00
1.475000023841857910e+00 -1.245000004768371582e+00
1.475000023841857910e+00 -1.245000004768371582e+00
1.475000023841857910e+00 -1.245000004768371582e+00
1.475000023841857910e+00 -1.245000004768371582e+00
1.475000023841857910e+00 -1.245000004768371582e+00
1.475000023841857910e+00 -1.245000004768371582e+00
1.475000023841857910e+00 -1.245000004768371582e+00
1.475000023841857910e+00 -1.245000004768371582e+00
1.475000023841857910e+00 -1.245000004768371582e+00
1.475000023841857910e+00 -1.245000004768371582e+00
1.475000023841857910e+00 -1.245000004768371582e+00
1.475000023841857910e+00 -1.245000004768371582e+00
1.475000023841857910e+00 -1.245000004768371582e+00
1.475000023841857910e+00 -1.245000004768371582e+00
1.475000023841857910e+00 -1.245000004768371582e+00
1.475000023841857910e+00 -1.245000004768371582e+00
1.475000023841857910e+00 -1.245000004768371582e+00
1.480000019073486328e+00 -1.245000004768371582e+00
1.475000023841857910e+00 -1.245000004768371582e+00
1.475000023841857910e+00 -1.245000004768371582e+00
1.475000023841857910e+00 -1.245000004768371582e+00
1.475000023841857910e+00 -1.245000004768371582e+00
1.475000023841857910e+00 -1.245000004768371582e+00
1.475000023841857910e+00 -1.245000004768371582e+00
1.475000023841857910e+00 -1.245000004768371582e+00
1.480000019073486328e+00 -1.245000004768371582e+00
1.475000023841857910e+00 -1.245000004768371582e+00
1.475000023841857910e+00 -1.245000004768371582e+00
1.475000023841857910e+00 -1.245000004768371582e+00
1.480000019073486328e+00 -1.245000004768371582e+00
1.475000023841857910e+00 -1.245000004768371582e+00
1.475000023841857910e+00 -1.245000004768371582e+00
1.480000019073486328e+00 -1.245000004768371582e+00
1.480000019073486328e+00 -1.245000004768371582e+00
1.475000023841857910e+00 -1.245000004768371582e+00
1.480000019073486328e+00 -1.245000004768371582e+00
1.480000019073486328e+00 -1.245000004768371582e+00
1.480000019073486328e+00 -1.245000004768371582e+00
1.475000023841857910e+00 -1.245000004768371582e+00
1.480000019073486328e+00 -1.245000004768371582e+00
1.480000019073486328e+00 -1.245000004768371582e+00
1.480000019073486328e+00 -1.245000004768371582e+00
1.475000023841857910e+00 -1.245000004768371582e+00
1.480000019073486328e+00 -1.245000004768371582e+00
1.475000023841857910e+00 -1.245000004768371582e+00
1.480000019073486328e+00 -1.245000004768371582e+00
1.475000023841857910e+00 -1.245000004768371582e+00
1.480000019073486328e+00 -1.245000004768371582e+00
1.480000019073486328e+00 -1.245000004768371582e+00
1.480000019073486328e+00 -1.245000004768371582e+00
1.480000019073486328e+00 -1.245000004768371582e+00
1.480000019073486328e+00 -1.245000004768371582e+00
1.480000019073486328e+00 -1.245000004768371582e+00
1.480000019073486328e+00 -1.245000004768371582e+00
1.480000019073486328e+00 -1.245000004768371582e+00
1.480000019073486328e+00 -1.245000004768371582e+00
1.480000019073486328e+00 -1.245000004768371582e+00
1.480000019073486328e+00 -1.245000004768371582e+00
1.480000019073486328e+00 -1.245000004768371582e+00
1.480000019073486328e+00 -1.245000004768371582e+00
1.480000019073486328e+00 -1.245000004768371582e+00
1.480000019073486328e+00 -1.245000004768371582e+00
1.480000019073486328e+00 -1.245000004768371582e+00
1.485000014305114746e+00 -1.245000004768371582e+00
1.480000019073486328e+00 -1.245000004768371582e+00
1.480000019073486328e+00 -1.245000004768371582e+00
1.480000019073486328e+00 -1.245000004768371582e+00
1.480000019073486328e+00 -1.245000004768371582e+00
1.480000019073486328e+00 -1.245000004768371582e+00
1.485000014305114746e+00 -1.245000004768371582e+00
1.480000019073486328e+00 -1.245000004768371582e+00
1.480000019073486328e+00 -1.245000004768371582e+00
1.480000019073486328e+00 -1.245000004768371582e+00
1.485000014305114746e+00 -1.245000004768371582e+00
1.480000019073486328e+00 -1.245000004768371582e+00
1.480000019073486328e+00 -1.245000004768371582e+00
1.480000019073486328e+00 -1.245000004768371582e+00
1.480000019073486328e+00 -1.245000004768371582e+00
1.480000019073486328e+00 -1.245000004768371582e+00
1.485000014305114746e+00 -1.245000004768371582e+00
1.485000014305114746e+00 -1.245000004768371582e+00
1.485000014305114746e+00 -1.245000004768371582e+00
1.480000019073486328e+00 -1.245000004768371582e+00
1.485000014305114746e+00 -1.245000004768371582e+00
1.480000019073486328e+00 -1.245000004768371582e+00
1.485000014305114746e+00 -1.245000004768371582e+00
1.460000038146972656e+00 -1.245000004768371582e+00
1.465000033378601074e+00 -1.245000004768371582e+00
1.485000014305114746e+00 -1.245000004768371582e+00
1.485000014305114746e+00 -1.245000004768371582e+00
1.485000014305114746e+00 -1.245000004768371582e+00
1.465000033378601074e+00 -1.245000004768371582e+00
1.485000014305114746e+00 -1.245000004768371582e+00
1.075000047683715820e+00 -1.274999976158142090e+00
1.070000052452087402e+00 -1.269999980926513672e+00
1.070000052452087402e+00 -1.269999980926513672e+00
1.389999985694885254e+00 -1.095000028610229492e+00
1.389999985694885254e+00 -1.095000028610229492e+00
1.465000033378601074e+00 -1.245000004768371582e+00
1.070000052452087402e+00 -1.269999980926513672e+00
1.070000052452087402e+00 -1.269999980926513672e+00
1.389999985694885254e+00 -1.105000019073486328e+00
1.460000038146972656e+00 -1.240000009536743164e+00
1.389999985694885254e+00 -1.105000019073486328e+00
1.070000052452087402e+00 -1.269999980926513672e+00
1.070000052452087402e+00 -1.269999980926513672e+00
1.075000047683715820e+00 -1.274999976158142090e+00
1.394999980926513672e+00 -1.100000023841857910e+00
1.394999980926513672e+00 -1.105000019073486328e+00
1.394999980926513672e+00 -1.100000023841857910e+00
1.394999980926513672e+00 -1.105000019073486328e+00
1.404999971389770508e+00 -1.105000019073486328e+00
1.394999980926513672e+00 -1.105000019073486328e+00
1.394999980926513672e+00 -1.105000019073486328e+00
1.394999980926513672e+00 -1.105000019073486328e+00
1.404999971389770508e+00 -1.100000023841857910e+00
1.475000023841857910e+00 -1.245000004768371582e+00
1.414999961853027344e+00 -1.100000023841857910e+00
1.470000028610229492e+00 -1.245000004768371582e+00
1.394999980926513672e+00 -1.100000023841857910e+00
1.460000038146972656e+00 -1.240000009536743164e+00
1.409999966621398926e+00 -1.100000023841857910e+00
1.409999966621398926e+00 -1.100000023841857910e+00
1.399999976158142090e+00 -1.090000033378601074e+00
1.475000023841857910e+00 -1.245000004768371582e+00
1.424999952316284180e+00 -1.085000038146972656e+00
1.414999961853027344e+00 -1.100000023841857910e+00
1.409999966621398926e+00 -1.100000023841857910e+00
1.070000052452087402e+00 -1.269999980926513672e+00
1.424999952316284180e+00 -1.085000038146972656e+00
1.429999947547912598e+00 -1.080000042915344238e+00
1.429999947547912598e+00 -1.075000047683715820e+00
1.429999947547912598e+00 -1.075000047683715820e+00
1.419999957084655762e+00 -1.090000033378601074e+00
1.429999947547912598e+00 -1.075000047683715820e+00
1.429999947547912598e+00 -1.075000047683715820e+00
1.424999952316284180e+00 -1.085000038146972656e+00
1.475000023841857910e+00 -1.245000004768371582e+00
1.434999942779541016e+00 -1.075000047683715820e+00
1.434999942779541016e+00 -1.075000047683715820e+00
1.429999947547912598e+00 -1.080000042915344238e+00
1.424999952316284180e+00 -1.090000033378601074e+00
1.419999957084655762e+00 -1.095000028610229492e+00
1.434999942779541016e+00 -1.075000047683715820e+00
1.434999942779541016e+00 -1.075000047683715820e+00
1.429999947547912598e+00 -1.080000042915344238e+00
1.429999947547912598e+00 -1.080000042915344238e+00
1.470000028610229492e+00 -1.245000004768371582e+00
1.434999942779541016e+00 -1.075000047683715820e+00
1.434999942779541016e+00 -1.070000052452087402e+00
1.434999942779541016e+00 -1.075000047683715820e+00
1.434999942779541016e+00 -1.075000047683715820e+00
1.429999947547912598e+00 -1.080000042915344238e+00
1.434999942779541016e+00 -1.075000047683715820e+00
1.434999942779541016e+00 -1.075000047683715820e+00
1.440000057220458984e+00 -1.065000057220458984e+00
1.440000057220458984e+00 -1.065000057220458984e+00
1.434999942779541016e+00 -1.065000057220458984e+00
1.419999957084655762e+00 -1.080000042915344238e+00
1.440000057220458984e+00 -1.059999942779541016e+00
1.424999952316284180e+00 -1.080000042915344238e+00
1.440000057220458984e+00 -1.065000057220458984e+00
1.424999952316284180e+00 -1.080000042915344238e+00
1.440000057220458984e+00 -1.065000057220458984e+00
1.440000057220458984e+00 -1.065000057220458984e+00
1.440000057220458984e+00 -1.065000057220458984e+00
1.424999952316284180e+00 -1.080000042915344238e+00
1.424999952316284180e+00 -1.080000042915344238e+00
1.424999952316284180e+00 -1.080000042915344238e+00
1.424999952316284180e+00 -1.075000047683715820e+00
1.424999952316284180e+00 -1.080000042915344238e+00
1.440000057220458984e+00 -1.059999942779541016e+00
1.440000057220458984e+00 -1.059999942779541016e+00
1.440000057220458984e+00 -1.059999942779541016e+00
1.445000052452087402e+00 -1.059999942779541016e+00
1.450000047683715820e+00 -1.054999947547912598e+00
1.404999971389770508e+00 -1.080000042915344238e+00
1.414999961853027344e+00 -1.080000042915344238e+00
1.404999971389770508e+00 -1.080000042915344238e+00
1.419999957084655762e+00 -1.080000042915344238e+00
1.404999971389770508e+00 -1.080000042915344238e+00
1.419999957084655762e+00 -1.075000047683715820e+00
1.504999995231628418e+00 -1.024999976158142090e+00
1.394999980926513672e+00 -1.080000042915344238e+00
1.419999957084655762e+00 -1.070000052452087402e+00
1.419999957084655762e+00 -1.075000047683715820e+00
1.429999947547912598e+00 -1.085000038146972656e+00
1.399999976158142090e+00 -1.049999952316284180e+00
1.424999952316284180e+00 -1.075000047683715820e+00
1.424999952316284180e+00 -1.075000047683715820e+00
1.379999995231628418e+00 -1.080000042915344238e+00
1.375000000000000000e+00 -1.075000047683715820e+00
1.404999971389770508e+00 -1.070000052452087402e+00
